3444380867
3444334259
3444300617
3444255178
3444229909
3444175934
3444152789
3441723789
3441667823
3441634004
3445380650
3444253174
3444157602
3440858644
3440860241
3436927771
3435293789
3435114931
3431291253
3430464955
3444153609
3444130769
3444086247
3444083124
3434372580
3433897422
3432271326
3430689636
3429550370
3429461706
3447015320
3446488169
3446491421
3446395028
3446208136
3446129751
3445370527
3445290357
3444884497
3444771498
3446937263
3445420341
3444759387
3444390258
3443840312
3443722254
3442909603
3442934195
3436831001
3432839669
3446781062
3446391539
3446347102
3446323067
3446017643
3446021261
3445527234
3444988524
3444985353
3444968770
3440685630
3440627420
3440528794
3440500910
3440464150
3440374526
3440287729
3440220907
3439979379
3439935707
3440858896
3440882735
3440819475
3440792189
3439315954
3439249544
3438284108
3438252471
3438189566
3437229438
3445001406
3444954425
3441936429
3441886963
3436671115
3436577533
3436536433
3436479659
3436426527
3436319534
3446746849
3446706186
3446682962
3446648212
3446595544
3445384673
3445278077
3445264939
3443127116
3443033688
3442137240
3442039072
3441989153
3441971105
3440739172
3440742407
3440644100
3440340421
3439324282
3439299822
3439163859
3439107700
3439038212
3437391666
3437322061
3436483064
3436376712
3435030482
3445940469
3444428601
3442431276
3440445547
3438861178
3437254235
3436295888
3434911908
3433484634
3446024527
3445742826
3443200672
3441659593
3438025963
3437220570
3434852586
3446879198
3445392212
3443051464
3442974163
3442980019
3442675457
3442367937
3442354081
3442261052
3446784101
3446694406
3445738748
3445449182
3445412244
3445345779
3444973981
3444946342
3437163734
3434145534
3433347305
3432850822
3432694129
3432504128
3432428317
3432338116
3430749014
3430702512
3443903219
3443909923
3443844911
3438068804
3438061628
3436832147
3436727170
3436710823
3436637983
3446185881
3446127608
3443946780
3443954031
3443943135
3443950191
3443818888
3443793333
3443670064
3443593489
3446845683
3446830224
3446737358
3446752000
3445455017
3445365634
3445320428
3445295932
3445272268
3445070957
3445034967
3444969614
3444944385
3444847172
3444863437
3438160897
3438014671
3436808042
3446864794
3446857307
3446812956
3445555343
3445491632
3445060465
3444714526
3444673561
3444614071
3444851753
3441990584
3439101379
3439043111
3437558789
3436396378
3446660711
3445352246
3445198928
3436194219
3434459855
3446253837
3443791912
3443773657
3443668668
3443575097
3443367470
3442172644
3442126281
3443972312
3443391494
3436809625
3436157568
3434548762
3433417858
3432810451
3431998563
3431882093
3446970246
3446894652
3446801122
3446209001
3444242087
3442951879
3442905692
3442633697
3442485861
3446194012
3446101232
3444686860
3444579267
3442233405
3442108558
3442089428
3442035402
3441965643
3443540955
3443117754
3442910939
3442218231
3433764681
3433444122
3432137037
3445387151
3443023100
3443007124
3442724039
3440390978
3440254579
3440092478
3438790314
3438526762
3441110774
3441047946
3440179654
3440182381
3440105691
3440090918
3440023526
3439997893
3439993762
3438668819
3443548378
3441748207
3441683545
3440026142
3438520317
3437098693
3435800286
3442853013
3441458551
3440052506
3438564061
3437133171
3446957634
3446944251
3446907025
3446862174
3446668676
3446362071
3446284349
3446184758
3446737102
3446055208
3445888827
3445921419
3445753350
3445585528
3445499536
3445923994
3445755866
3445730913
3445523314
3444595404
3444508994
3440797096
3440718002
3440741348
3440171891
3439204104
3437780859
3436700449
3434920126
3431099187
3446359005
3446343125
3446340529
3446232696
3446203913
3438130461
3437945170
3437782836
3435485803
3445398118
3445424094
3445420516
3445336470
3445331220
3443535931
3442997516
3442877381
3442070999
3442020785
3444929755
3444833152
3444824606
3444717004
3444396958
3443738715
3443719759
3443681840
3443592891
3443316937
3444992407
3444900722
3443971712
3442417402
3442434269
3438197458
3438119167
3445103950
3444996143
3444659350
3444616936
3446778723
3445777538
3444920665
3441675353
3438503769
3438448477
3437052540
3435931039
3434361499
3446216509
3443078337
3440538272
3438987707
3437613654
3436572189
3445189367
3445235703
3445182505
3443594355
3442259618
3442207047
3442129623
3442101168
3446652847
3446617795
3446548271
3446565142
3445099006
3436621322
3433736637
3433399373
3432351646
3446266671
3445618966
3439252735
3439215842
3439045654
3438963018
3438925880
3438920102
3438815243
3443954962
3443889223
3443093039
3442406455
3442247043
3436872609
3436232839
3433425387
3445444075
3445349251
3442352859
3442266543
3442165451
3442097362
3443679852
3436302723
3436241025
3432707452
3445145735
3445172014
3445120605
3442903052
3439081050
3438103559
3438035433
3437298730
3442699686
3442682586
3442627792
3441751579
3441640114
3446419359
3446387173
3446200580
3446152872
3446191232
3446047730
3446022794
3444713649
3444683974
3444417925
3444431097
3440384086
3440346066
3446645997
3445129554
3445124523
3445052843
3444117414
3444060599
3446858930
3446415162
3446314975
3446296001
3446190558
3446617550
3446614455
3446275426
3446095305
3445935608
3445705394
3446613180
3446579566
3446552136
3443930990
3443917321
3443042030
3437449353
3437453600
3437393453
3436608207
3436591529
3436534289
3436362652
3436305114
3436237427
3445480102
3444416847
3442159615
3442133090
3437307129
3437282054
3433828059
3433748049
3446731361
3446687379
3445467550
3432855445
3432841256
3432696594
3432538240
3432531232
3432426164
3432369442
3432315310
3432289021
3431272572
3446291121
3446047825
3444514174
3444474429
3444267764
3446658781
3446655725
3446122874
3445938843
3443231836
3439221440
3438244215
3438210961
3438135141
3438012249
3437874212
3437772979
3437521990
3445433802
3441538613
3441511267
3441175560
3440632898
3440574207
3440493835
3440449756
3446274952
3446239837
3446180661
3446151982
3446086833
3444679667
3444546536
3444529832
3444462320
3444386486
3445608206
3444899127
3444873049
3444772769
3440497243
3440475692
3440397168
3440339068
3440265467
3445128289
3445125086
3445058684
3444856015
3444827930
3444489632
3444523322
3444435771
3444377889
3436254259
3436218038
3436155293
3436118370
3444260516
3443867256
3441159703
3440907040
3440860058
3440814025
3440455268
3441831249
3441726988
3441730643
3441555830
3441561942
3441495878
3440864385
3440785384
3447030858
3446475448
3446454110
3446226467
3446912575
3445737360
3444385665
3442493099
3442438300
3440637101
3440596361
3440557288
3440479113
3439107145
3432120460
3432081801
3444422836
3444376979
3443247738
3443201397
3443135469
3443077944
3443144843
3443057751
3443042165
3442966957
3443000819
3440761355
3440692768
3440613474
3446855076
3446564676
3437548546
3437531203
3436969894
3436191324
3446469561
3446467389
3446084901
3444708622
3444680418
3440724395
3440730357
3438762120
3437397287
3431997598
3431991831
3446160740
3444814842
3444697962
3444668734
3444564320
3444429677
3444429976
3444323844
3444299941
3446872930
3446789820
3446759814
3445954292
3441745799
3440489835
3438852804
3434447337
3446022846
3444795265
3439136762
3447036120
3444601815
3444353035
3444317911
3444301596
3444305179
3443762995
3443685466
3443128972
3443090536
3443009726
3441882155
3446281797
3440637830
3440661611
3440614494
3435550219
3435472812
3435296202
3433674703
3433598319
3444297002
3444269543
3444226090
3444009464
3443664505
3444721011
3442092810
3440833880
3440735942
3436664830
3435008077
3434981608
3446789493
3446742863
3444332262
3442701404
3445436487
3445414003
3445422806
3446350121
3446152628
3445874322
3445428752
3446777505
3445528530
3446310220
3437320084
3437241653
3437177349
3434995479
3434260162
3434201897
3434137971
3440067624
3440060629
3438532063
3437425689
3437461389
3437376818
3436424207
3444913453
3444895780
3442795169
3442772470
3438484584
3438449153
3438454375
3430817774
3439089780
3446258369
3442826268
3441900933
3441884241
3434546591
3434027904
3446833853
3438707532
3437214034
3445706917
3444773446
3444342302
3447032750
3437688863
3437588077
3437519093
3437485171
3437429090
3437404717
3433444543
3446103158
3442810314
3441918839
3441749625
3440198099
3438888631
3433492928
3444284351
3444224873
3444099494
3444114640
3443997176
3443718132
3443689668
3443653466
3443548233
3442663760
3438254195
3438219399
3446905656
3446204916
3445446705
3441112475
3440999415
3440986863
3440817338
3440741021
3439873018
3439579359
3439516334
3438169583
3435238367
3434494279
3434531678
3433867012
3443673387
3438738257
3435291506
3435081150
3434982265
3432409248
3432373154
3431785286
3431727552
3444410002
3443347511
3435839704
3426033992
3425999214
3446274148
3443065395
3442080901
3435124946
3433789446
3433657830
3433599680
3432371632
3432331172
3436140217
3436055944
3436039751
3435051549
3434532534
3434079430
3432936126
3432846753
3446983535
3446885237
3446656071
3445733101
3445615878
3445601146
3442097853
3441920480
3438021977
3437933425
3437775007
3446145582
3444932865
3443237308
3445887390
3443324728
3446439640
3446390414
3442331536
3442264487
3442187347
3442211584
3434934268
3434804208
3434718537
3444838894
3444647711
3444489226
3443822732
3446928797
3445045838
3435428035
3435318559
3435310320
3435132178
3434987360
3434214275
3434168198
3433879035
3433855132
3442312810
3440910973
3440738057
3440405566
3440286511
3440300042
3440273974
3445941626
3443320638
3441897781
3441941514
3441649703
3440579972
3437294308
3436182542
3436079227
3436031109
3435683920
3435699882
3435656624
3435634084
3435592446
3435574856
3446327054
3445097768
3443875866
3446543525
3440107529
3438770139
3438734865
3442028898
3438318643
3438306602
3438208371
3429256305
3427290442
3425621992
3424182494
3424160378
3423199130
3442444352
3441958386
3441879335
3440427420
3433807657
3433830187
3433742035
3439292103
3437284819
3437280300
3437253141
3437159327
3437152464
3431896366
3442619496
3439022258
3436616186
3434902955
3434826738
3430556943
3440267622
3437271752
3437254071
3436413511
3434657240
3444114462
3444091609
3444274069
3444209845
3442972665
3442868610
3442853979
3447030460
3446688732
3446695991
3445587244
3441188013
3439989237
3438205027
3438119525
3439172785
3439127266
3439110924
3443706934
3442693919
3442295023
3442208463
3442009615
3447061279
3446946070
3439321676
3437196768
3434901474
3440599187
3436568475
3436432547
3443917198
3443818415
3443804462
3446411335
3444929091
3446968831
3442969776
3441757525
3440800198
3443329621
3443234017
3441893690
3438702862
3438656403
3435937698
3446513204
3444876410
3440816303
3446986519
3446833653
3443817593
3446625562
3446623707
3446611378
3446574840
3446514935
3446017940
3446020360
3445515094
3442064472
3441983939
3442006848
3437619172
3432929753
3444375239
3444288133
3441706994
3440281667
3436567825
3431894961
3431890265
3444771307
3444724093
3439868822
3439896013
3439911518
3429947229
3429933790
3429899046
3429913896
3440496029
3436509104
3432183088
3432116782
3444760579
3444443124
3442136328
3436121419
3435967455
3435679902
3435623801
3435529543
3440136995
3437380744
3437130703
3437067313
3437062165
3437046832
3436979702
3440678764
3444928369
3444961683
3435656731
3435568041
3433435601
3431071603
3430080283
3444340304
3436094966
3436028384
3444078801
3441203273
3441108978
3440046464
3440012400
3438767073
3438583908
3446061396
3439261332
3438626082
3436107011
3436141485
3434621264
3434584404
3433448605
3433422755
3433384415
3433318847
3432136983
3432076659
3439383840
3439371124
3434084274
3442383556
3442355973
3442268186
3440801112
3430754718
3430627152
3427984328
3439399862
3439276372
3439280283
3438258131
3438293175
3442918710
3442122623
3441970763
3441557537
3440823723
3435563034
3435108358
3432994335
3432814656
3432617126
3441765124
3438793690
3434740557
3444866006
3442559513
3441699592
3440892131
3444467054
3441813649
3440422888
3438781529
3437460944
3436612406
3434937183
3433496413
3446991715
3446426839
3446264712
3446231545
3446206115
3441842323
3438627101
3438643042
3437306097
3444816882
3442341386
3442297549
3442219078
3439293781
3439196892
3439192620
3440378494
3439020571
3438971033
3445397434
3441210965
3437288295
3437228261
3444715512
3443568259
3445510310
3445386076
3444778722
3443817440
3441589066
3441603758
3438542830
3437232742
3436705852
3443765145
3446722449
3438986739
3444541697
3446379885
3445047554
3444578498
3444220747
3444483660
3434601513
3433625951
3433417249
3433371743
3433186335
3432636150
3446361349
3429977772
3429975422
3428863360
3428860811
3428778467
3428791754
3428723737
3428617897
3443323504
3441591821
3438902119
3438836836
3446566729
3444054681
3443973671
3442549744
3440916975
3430864747
3428566135
3428459317
3428398348
3428363247
3446102210
3440345258
3440278190
3426485507
3426355369
3443664375
3444181629
3430763515
3430701081
3430551969
3430488940
3430542622
3440636802
3438543058
3436679698
3436564818
3436471438
3441553222
3441474314
3441168810
3440106442
3447054967
3445591846
3444562496
3446325518
3445937475
3429119234
3429112920
3429028081
3440108784
3439959774
3439211328
3440164645
3439608689
3439516164
3435794020
3435762515
3435731749
3445324433
3444680377
3444500829
3443725654
3443146631
3445479903
3443329092
3443594311
3440815305
3440607378
3439510792
3438809090
3436876465
3443691677
3438684863
3436307283
3436233614
3429756350
3429722373
3429655626
3445474156
3438804160
3445236442
3443310211
3441065050
3440405833
3437407980
3435857758
3446438106
3446402914
3447026618
3437103557
3434504822
3433152460
3433089284
3430642027
3428838804
3427858189
3438816114
3438697478
3438692020
3438617815
3438604930
3432169386
3432162156
3432124127
3439288785
3439271933
3436747282
3436732159
3436629223
3432402340
3430819690
3430718097
3430693419
3438914294
3438890882
3444956155
3441971633
3445306726
3445263699
3441651092
3441587004
3440168801
3438622467
3438328881
3438353232
3438351475
3433583384
3433537293
3433553112
3433278250
3433216142
3435982682
3434245637
3433287903
3433300734
3433180230
3446522228
3442597739
3442606504
3442281274
3444748709
3442065724
3441978336
3437172095
3436146576
3440408443
3439994937
3444576458
3444404949
3444270159
3444877364
3431878374
3431759250
3431633422
3430689774
3430644337
3430558161
3430458912
3439904290
3439014764
3438908720
3427228182
3425624899
3425507036
3436253039
3440400702
3437523008
3436367327
3430977966
3443917762
3443870053
3440120766
3442732387
3437896365
3437930643
3434950243
3434864571
3434759707
3446106779
3446021386
3445952377
3434280976
3434208000
3433132567
3433049371
3433026147
3443872045
3442420395
3442335302
3442705745
3442327467
3442362179
3442189759
3442151253
3436790920
3434097191
3433531134
3433367900
3432104908
3432048159
3431389673
3431355095
3431320830
3446283149
3444932158
3444845257
3436760124
3436239109
3436260570
3446837701
3445525483
3445335633
3437744959
3446142815
3445586217
3444340851
3442607284
3440227287
3446147743
3438279964
3439158054
3438009989
3445250398
3439170374
3446076429
3445116092
3446075719
3441117198
3446566228
3444408974
3432367012
3432332235
3432295491
3442768568
3438733813
3438648688
3438626535
